left= [array([[ 66, 333],
       [119, 330],
       [124, 428],
       [ 68, 434]]), array([[568, 361],
       [611, 353],
       [616, 446],
       [569, 452]]), array([[344, 456],
       [487, 439],
       [488, 488],
       [347, 499]]), array([[750, 436],
       [899, 410],
       [900, 463],
       [751, 480]])], 'h': [array([[ 1.09302538e+01,  2.20491068e-01, -5.76948603e+03],
       [ 4.60920510e+00,  9.74051812e+00, -3.51831044e+03],
       [ 1.05745646e-02,  2.35356950e-03,  1.00000000e+00]]), array([[ 2.26918546e+00,  2.88756032e-01, -1.16863724e+03],
       [ 5.01158722e-01,  2.16272647e+00, -4.45061492e+02],
       [ 8.81876514e-04,  5.84231271e-04,  1.00000000e+00]])]}
~~~
right={'pts': [array([[ 993,  297],right
       [1057,  292],
       [1059,  385],
       [ 994,  388]]), array([[481, 376],
       [535, 375],
       [539, 461],
       [483, 461]]), array([[633, 378],
       [171, 458]])], 'h': [array([[ 9.87533238e-01,  2.33782564e-01,  4.33166039e+02],
       [-1.27974513e-01,  1.17262990e+00, -8.14343553e+01],
       [-1.89906519e-04,  2.51166116e-04,  1.00000000e+00]]), array([[ 3.23123829e-01, -2.92838171e-01,  5.31994939e+02],
       [-2.61739097e-01,  5.04467128e-01,  1.44761482e+02],
       [-4.77680542e-04, -4.37126071e-04,  1.00000000e+00]])]}
